betaL16 = [1, 1.1, 1.2, 1.3, 1.4, 1.5]
op1L16 = [0.1549, 0.20214, 0.34682, 0.66405, 0.897836, 0.93743]
op2L16 = [0.030563, 0.05212, 0.15059, 0.47676, 0.80912, 0.88020]
op4L16 = [0.0018638, 0.005427, 0.04119, 0.27476, 0.66357, 0.779506]


betaL32 = [1, 1.1, 1.2, 1.3, 1.4]
op1L32 = [0.0790298194166, 0.1155424, 0.392904484, 0.848310467, 0.928868361]
op2L32 = [0.007963528, 0.01712392212, 0.181549779, 0.7218675567, 0.86330161689]
op4L32 = [0.00012721821, 0.0006018865, 0.04965647, 0.52711014, 0.7469996079]


betaL64 = [1.1, 1.16, 1.22, 1.28, 1.34, 1.4 ]
op1L64 = [0.061809,  0.22352246, 0.69130543, 0.85308486, 0.88132031, 0.9295585 ]
op2L64 = [0.0049213,  0.06219152, 0.48096718, 0.72839309, 0.77712064, 0.86428765]
op4L64 = [5.01951693e-05, 6.78929094e-03, 2.36832625e-01, 5.32390256e-01, 6.05131289e-01, 7.47707760e-01]

betaL100 = [1.1, 1.126, 1.152, 1.178, 1.204, 1.23]
op1L100 = [0.03862106, 0.05199276, 0.24403093, 0.4742146, 0.66770251, 0.78189]
op2L100 =[0.00189656, 0.00350964, 0.06380248, 0.22794114, 0.44769643, 0.16787404]
op4L100 = [7.05451469e-06, 2.65781816e-05, 5.22693072e-03, 5.46148116e-02, 2.03716676e-01, 5.11224527e-02]